SNGSP;0;1.237821884;1.39177196;1.21412667;1.26546722;1.165072783;1.37959615;1.246920415;1.388147421;1.298542999;1.271306345;1.207385068;1.321775291;1.262531124;1.346104796;1.339680626;1.29220779;1.268845747;1.263171582;1.213131634;1.192292348;1.304462629;1.292004958;1.320131434;1.300630511;1.391133343;1.250949143;1.157539881;1.325574907;1.244629135;1.341882325;1.400845808;1.265674102;1.277989006;1.353206661;1.336077499;1.362872705;1.314731596;1.269437503;1.268559224;1.280479876;1.374122585;1.185056548;1.36279928;1.331451635;1.382882804;1.225266865;1.328005555;1.327399394;1.323687238;1.35140051;1.341169328;1.371525883;1.22354203;1.296018196;1.276385925;1.191937106;1.318797003;1.34295559;1.374191261;1.368889051;1.275374916;1.344124612;1.333748551;1.335298891;1.212616353;1.341673307;1.365011765;1.316747922;0.916845601;1.333709041;1.364203324;1.213991119;1.220966683;1.278736306;1.317407599;1.18518713;1.278160465;1.303629104;1.259726256;1.21487226;1.21303419;1.248087592;1.308596856;1.323566908;1.259434245;1.112762122;1.338847139;1.16952521;1.151946859;1.35219731;1.36688186;1.373991428;1.314482712;1.341071655;1.224384824;1.290867557;1.318777845;1.311430276;1.156828611;1.217009026;1.14097856;1.384044669;1.348278924;1.284690748;1.233167716;1.341515572;1.332636625;1.310418628;1.352354219;1.375422756;1.346161251;1.322506505;1.184969567;1.354033744;1.371464109;1.271862571;1.324259033;1.351489547;1.21291619;1.319919309
RASP;1.237821884;0;1.415083356;1.183097678;1.247917349;1.166636422;1.394844944;1.240300491;1.372026975;1.235712128;1.217487048;1.164857681;1.287774613;1.248646713;1.35307432;1.305605215;1.269221601;1.210975715;1.273273478;1.043662467;1.131056709;1.312307754;1.286395565;1.307813851;1.2961373;1.368026014;1.261628971;1.175232337;1.296509621;1.209383868;1.335704297;1.412217538;1.19442903;1.278245552;1.345006926;1.325600254;1.350156354;1.275457382;1.249757097;1.325358561;1.221276165;1.360781514;1.209294348;1.387466267;1.306303513;1.380511703;1.253068873;1.313184689;1.280412238;1.301748382;1.361369014;1.3513795;1.378614105;1.22865428;1.249910863;1.239357919;1.106541586;1.340261443;1.345481026;1.333393061;1.35783002;1.282929725;1.340133746;1.294540745;1.309189967;1.124745426;1.337474981;1.344244884;1.322952092;1.182133867;1.335106242;1.368757585;1.198538927;1.250342551;1.254330972;1.340057826;1.185216081;1.261592579;1.317726039;1.2758219;1.217761485;1.164535426;1.242642177;1.281432867;1.28244707;1.221351524;1.124045274;1.303597461;1.151067516;1.109051183;1.339542734;1.339500232;1.353063362;1.3086187;1.34298242;1.198164321;1.281414105;1.298666926;1.290732063;1.155767446;1.18202729;1.151233907;1.382624573;1.309419027;1.268333674;1.271369455;1.294295061;1.291187782;1.280960793;1.373009122;1.366093862;1.338502272;1.331475514;1.148070843;1.325730356;1.36056374;1.21438139;1.306769442;1.315977993;1.25271561;1.342855052
NNSB;1.39177196;1.415083356;0;1.393931006;1.377760221;1.407219218;1.413257528;1.402544047;1.398272642;1.389563668;1.36962843;1.395243977;1.397911221;1.379056048;1.408835241;1.396045703;1.406309074;1.389091407;1.400534469;1.385173491;1.390639004;1.387553695;1.380369083;1.396263606;1.38506351;1.403322451;1.384744982;1.391805326;1.416761647;1.39328297;1.402904312;1.405827645;1.388947518;1.392413311;1.393568684;1.380313109;1.379553051;1.378008885;1.380937664;1.372171771;1.392998047;1.39640545;1.390806427;1.393477152;1.388800684;1.448856118;1.400849772;1.399022769;1.437826368;1.40577102;1.326290981;1.390329643;1.386450462;1.412762376;1.365532442;1.402912873;1.400585429;1.389258886;1.38681364;1.410079577;1.384103298;1.421784189;1.438342438;1.40009704;1.384474084;1.381956802;1.399574316;1.390669002;1.413125066;1.392949087;1.398383313;1.394559511;1.402317482;1.370395274;1.384477249;1.417791482;1.388062816;1.408288082;1.376371591;1.389321523;1.366600566;1.41255043;1.395644981;1.412670567;1.388526635;1.390568546;1.396607967;1.394986997;1.393010593;1.389660286;1.39681199;1.418513685;1.414861441;1.368834643;1.401801885;1.392911863;1.40136488;1.398808348;1.375630202;1.378819581;1.381951228;1.394587677;1.404994002;1.405590261;1.403502786;1.408696415;1.417074222;1.410351112;1.40449243;1.301243038;1.392677635;1.39134046;1.406163937;1.382278702;1.397482755;1.403045686;1.371584992;1.405290267;1.411245189;1.405168693;1.406786422
TGKA;1.21412667;1.183097678;1.393931006;0;1.272416377;1.193171876;1.394536218;1.226058621;1.402890471;1.259896178;1.162282152;1.143580835;1.310433847;1.242658845;1.363433566;1.324580356;1.28178917;1.171771264;1.193045766;1.168614963;1.064080158;1.311782347;1.284897283;1.319302328;1.287199867;1.388717295;1.260675809;1.199356374;1.30483892;1.176298306;1.332356876;1.410049105;1.207101384;1.336429085;1.32951609;1.320588856;1.3666201;1.295689772;1.228700922;1.299582284;1.195125189;1.35135843;1.230175548;1.406417029;1.322858239;1.348402588;1.224317126;1.313294681;1.251204273;1.332703603;1.364719772;1.32181616;1.361609451;1.238848981;1.22881291;1.226519096;1.100864322;1.30629075;1.343576974;1.336859675;1.361592564;1.285339491;1.336100743;1.346781319;1.313496293;1.120236534;1.320467904;1.338760845;1.321247909;1.187702228;1.374030411;1.359007197;1.248464854;1.232024653;1.242949196;1.32087713;1.208138864;1.254271114;1.298293517;1.276194394;1.201459566;1.18092046;1.245025384;1.293915842;1.277793734;1.230231367;1.166296027;1.323252224;1.18686801;1.15638561;1.348494986;1.355910973;1.336370328;1.327951363;1.349552428;1.22140195;1.295343928;1.281877841;1.264232865;1.173712938;1.177914862;1.193514386;1.375947565;1.328412951;1.262359729;1.269249678;1.285558522;1.265061475;1.252742762;1.366402554;1.366481118;1.346199839;1.251890215;1.150718851;1.351534114;1.352770811;1.241190303;1.330182721;1.332985606;1.236990697;1.34673669
UNAC;1.26546722;1.247917349;1.377760221;1.272416377;0;1.305761569;1.379454851;1.301400583;1.391671035;1.286091963;1.270942682;1.252178567;1.339427583;1.283046242;1.338052003;1.337406654;1.317553886;1.268689762;1.298130469;1.284203596;1.236919306;1.311384475;1.313988178;1.344314624;1.374119716;1.370977719;1.121467401;1.303238451;1.341295796;1.261733784;1.339648995;1.386709644;1.251357516;1.313331145;1.357306166;1.354129417;1.38000025;1.316692747;1.300750225;1.343344748;1.286646341;1.375324019;1.317887412;1.387587204;1.292867045;1.393395466;1.30488097;1.34086302;1.334359273;1.35125541;1.358746606;1.334486417;1.395863236;1.295586733;1.31387516;1.268105409;1.265558376;1.354450997;1.340245105;1.364655944;1.365042766;1.328495314;1.341683639;1.330369227;1.334090766;1.260970263;1.344171186;1.371626985;1.358908864;1.249776971;1.376808555;1.379575165;1.273875814;1.291531237;1.302229671;1.331521414;1.278871389;1.332111977;1.309643714;1.317711076;1.276091574;1.247484503;1.290482907;1.35671882;1.334886916;1.292056159;1.258776999;1.313180013;1.271144537;1.240615023;1.338750471;1.374430564;1.375673631;1.316098134;1.362089164;1.290740255;1.317098273;1.331504454;1.344531432;1.283156756;1.300929845;1.298358634;1.396681593;1.338502509;1.309028851;1.318324696;1.331137971;1.317121426;1.309413718;1.355558987;1.382156016;1.365882858;1.325781361;1.261497279;1.369000051;1.374610359;1.283161513;1.320167981;1.362586024;1.327596768;1.350294662
CHMF;1.165072783;1.166636422;1.407219218;1.193171876;1.305761569;0;1.386328758;1.258843598;1.375352724;1.270189144;1.237910858;1.18657492;1.293693676;1.241910911;1.369756064;1.334013425;1.284401743;1.250363668;1.298155263;1.120655403;1.192262664;1.308114584;1.332073491;1.348863174;1.288181815;1.386281126;1.271158882;1.067120315;1.344100977;1.244506377;1.301118997;1.378414352;1.250878825;1.307996597;1.366973027;1.343674763;1.340368214;1.307880407;1.267390493;1.295046524;1.262656166;1.395072765;1.067600171;1.39598985;1.319897364;1.366540932;1.215188927;1.298756225;1.307244778;1.347533828;1.368041694;1.36691781;1.404861534;1.188391949;1.274516601;1.280944623;1.167230782;1.330947698;1.36885923;1.345685022;1.382234369;1.25101887;1.299545274;1.343568452;1.333297033;1.18313824;1.333237223;1.337002788;1.340113807;1.109903605;1.367610145;1.383106934;1.175622939;1.220876934;1.288153054;1.330392904;1.185921841;1.282225045;1.322160301;1.289694409;1.177827768;1.219195904;1.215550595;1.309129643;1.285893691;1.249258286;1.075469726;1.327629957;0.897894778;0.964103149;1.355892924;1.3763117;1.366865694;1.340467406;1.371680088;1.186387247;1.282936938;1.345486265;1.313467124;1.118449933;1.217149174;1.120728113;1.385127342;1.331766933;1.289279949;1.233022482;1.346872224;1.300871287;1.296861096;1.366939175;1.364106905;1.369362845;1.295749117;1.155503546;1.345484276;1.350134322;1.264355142;1.319051218;1.32443364;1.192760787;1.338486989
KCHE;1.37959615;1.394844944;1.413257528;1.394536218;1.379454851;1.386328758;0;1.366182196;1.388585561;1.396142634;1.386044106;1.374731033;1.384743489;1.406939461;1.414506072;1.38656131;1.380848914;1.408410871;1.396642112;1.391068904;1.393039384;1.377656019;1.391926653;1.398176209;1.388921652;1.376606242;1.399925011;1.386681067;1.377000435;1.37862383;1.387659879;1.450397487;1.364847472;1.397062319;1.364277616;1.38149468;1.387181608;1.395163684;1.413734163;1.408753471;1.371194736;1.42248065;1.387999241;1.401462027;1.390635826;1.410976631;1.402503443;1.430206478;1.378087017;1.408246266;1.382680226;1.41109858;1.404533112;1.388990483;1.398758966;1.38289192;1.361113871;1.390309155;1.391689354;1.398949782;1.387509809;1.385434374;1.41198713;1.380056021;1.380626242;1.371857993;1.39921361;1.416280174;1.403014058;1.388208734;1.384036551;1.433245881;1.372539946;1.377841939;1.372322303;1.402630077;1.378552947;1.377591702;1.348776024;1.373917399;1.36135743;1.367926263;1.379456856;1.389820012;1.380149425;1.368772842;1.396899004;1.368544781;1.382978591;1.369378697;1.389092075;1.395868811;1.373523675;1.372451462;1.408801324;1.373612304;1.375225183;1.399440808;1.404455787;1.372925917;1.374140835;1.388321661;1.400246192;1.385196767;1.381811127;1.378654899;1.428319435;1.397230943;1.387320671;1.400705379;1.369936632;1.390817351;1.373628484;1.372087746;1.383208167;1.421817584;1.365742111;1.387958513;1.391741983;1.370083294;1.40763156
ENRU;1.246920415;1.240300491;1.402544047;1.226058621;1.301400583;1.258843598;1.366182196;0;1.371778385;1.273180911;1.257985516;1.204608731;1.295983227;1.295765103;1.346456169;1.339257738;1.320989838;1.266598277;1.274036335;1.248171001;1.178180515;1.301684887;1.306952243;1.351690736;1.325332603;1.380227535;1.276134573;1.24119915;1.32732433;1.245457728;1.332626646;1.433578087;1.254458583;1.332969392;1.347233571;1.322683118;1.355234868;1.32667029;1.280588977;1.350038805;1.273206275;1.357627247;1.28363089;1.402546674;1.335278586;1.383411358;1.258694791;1.331267611;1.28779207;1.319114245;1.340510522;1.365844478;1.373584924;1.246343739;1.291228953;1.292168192;1.194454829;1.343574951;1.369961105;1.370469697;1.377577303;1.306306674;1.349163661;1.324023514;1.339062832;1.188724707;1.347401749;1.365070134;1.321228794;1.247017958;1.351921669;1.353065162;1.264612234;1.260127692;1.277168533;1.359340029;1.239734628;1.283524552;1.314916152;1.283192457;1.237339315;1.240399669;1.218499025;1.339416508;1.328255707;1.273862016;1.212680034;1.343263747;1.237369984;1.218823848;1.340097532;1.332940992;1.369571305;1.304835252;1.371432262;1.262847971;1.296225886;1.305329243;1.303656357;1.211016765;1.257223985;1.246361851;1.397868056;1.347361633;1.300761074;1.302269814;1.338202741;1.332119254;1.298015506;1.36327768;1.389993661;1.382516135;1.330506371;1.209199519;1.382524222;1.39213344;1.290555071;1.32862908;1.344351299;1.321126235;1.347197269
ASSB;1.388147421;1.372026975;1.398272642;1.402890471;1.391671035;1.375352724;1.388585561;1.371778385;0;1.371281298;1.390714319;1.388266612;1.382597105;1.391648413;1.365835608;1.399000315;1.381041772;1.369560541;1.351192438;1.379083637;1.39204883;1.389387068;1.374620318;1.378197038;1.381087051;1.355201454;1.385429315;1.398625876;1.364532442;1.35623698;1.385250972;1.425755832;1.367416147;1.382588074;1.346025978;1.408690158;1.407360289;1.388835816;1.37165504;1.406636825;1.388694564;1.374533504;1.392551422;1.370692815;1.371237937;1.416098695;1.383135739;1.400407742;1.388136854;1.36482994;1.380022085;1.414453526;1.370704168;1.389593819;1.354140473;1.35651134;1.363793209;1.388175885;1.383262169;1.357120129;1.321002046;1.398997421;1.424706958;1.427381;1.401035379;1.388303654;1.379857315;1.402671038;1.397202933;1.396560834;1.386538569;1.389763586;1.418955316;1.392764362;1.412786659;1.411504537;1.384236925;1.375428466;1.402265334;1.400998829;1.378286256;1.388457327;1.400804368;1.375093548;1.423224814;1.38316024;1.414190292;1.391133574;1.393947795;1.376810905;1.396548456;1.402169181;1.374288108;1.402236909;1.400267442;1.395009629;1.385327751;1.408391183;1.374432832;1.39156147;1.383585174;1.391612534;1.371900298;1.395786947;1.392720888;1.389624065;1.411325159;1.404344485;1.383541904;1.389868917;1.368327733;1.311274337;1.404847905;1.385659061;1.389781244;1.400420626;1.386904496;1.397226553;1.384358418;1.390913074;1.390670023
IRGZ;1.298542999;1.235712128;1.389563668;1.259896178;1.286091963;1.270189144;1.396142634;1.273180911;1.371281298;0;1.262455388;1.241432623;1.320780433;1.317261901;1.354427928;1.344517233;1.29330044;1.272949552;1.288383269;1.264728455;1.217930657;1.327393016;1.300634562;1.354409414;1.333947813;1.396135752;1.272776052;1.255062519;1.326194792;1.278826361;1.351436786;1.386295844;1.258165452;1.329058485;1.341608727;1.326521937;1.346065339;1.337889658;1.297475295;1.328417386;1.288849293;1.389832513;1.295358882;1.398895879;1.333610367;1.374010528;1.284672474;1.310669584;1.341202225;1.329214032;1.349863042;1.331962528;1.385359478;1.267837372;1.297721569;1.299028273;1.234478494;1.359862024;1.367858092;1.354962969;1.361351965;1.323038855;1.384056672;1.329782357;1.36206096;1.238421714;1.356403038;1.325793255;1.331342999;1.271236793;1.364914024;1.379593017;1.280211268;1.286736457;1.320739923;1.352022881;1.267020418;1.299302296;1.328965185;1.310752764;1.238204584;1.236088469;1.236841308;1.34032546;1.307524513;1.292677522;1.262467886;1.357399399;1.261289393;1.235729601;1.335346112;1.349265082;1.366668274;1.28282866;1.342152051;1.297829027;1.316239852;1.349099621;1.334871391;1.277733796;1.279785343;1.277911109;1.364073175;1.356175831;1.292607505;1.33979881;1.356828062;1.314707597;1.312121429;1.357922748;1.385557224;1.377959095;1.332702758;1.237200349;1.3885549;1.376594377;1.290941709;1.350459666;1.340516878;1.332952994;1.349552525
MRKC;1.271306345;1.217487048;1.36962843;1.162282152;1.270942682;1.237910858;1.386044106;1.257985516;1.390714319;1.262455388;0;1.103565813;1.305880386;1.27139944;1.378654738;1.320524878;1.287508508;1.192771245;1.248095115;1.208967418;1.170840892;1.324389773;1.294617748;1.300944674;1.320904618;1.412083046;1.24981882;1.249010205;1.328138491;1.162927666;1.332922521;1.38424535;1.258430849;1.331074112;1.352479262;1.32542288;1.366261458;1.319066809;1.288519805;1.312897541;1.056352587;1.368741502;1.284481049;1.378254458;1.304351689;1.372223928;1.253529118;1.322467055;1.273037613;1.33707152;1.344886504;1.359129061;1.36678581;1.250091276;1.208246698;1.112520407;1.065812673;1.332170469;1.334250981;1.349118071;1.352790768;1.316041957;1.347854588;1.352315802;1.350189325;1.122472209;1.334151111;1.356049849;1.326624824;1.232299118;1.364478948;1.374545139;1.252442935;1.240655515;1.168924775;1.333220943;1.255840142;1.301183656;1.300174486;1.278786365;1.230929531;1.206347876;1.247422248;1.289524767;1.321348677;1.258867185;1.214231331;1.340212252;1.223607899;1.194551233;1.330061829;1.380953436;1.343780526;1.332600746;1.349989307;1.264636031;1.308665176;1.303560503;1.253736865;1.194366815;1.21928044;1.239607104;1.386162565;1.352105537;1.285558507;1.291250663;1.329708811;1.186466521;1.283981497;1.325293907;1.385778688;1.364321969;1.318683787;1.202473618;1.348436764;1.368344819;1.258582494;1.324215696;1.328809145;1.316739616;1.342393516
RSTIP;1.207385068;1.164857681;1.395243977;1.143580835;1.252178567;1.18657492;1.374731033;1.204608731;1.388266612;1.241432623;1.103565813;0;1.261031286;1.239936465;1.348458532;1.336095358;1.299276153;1.181988684;1.226128851;1.1603455;1.11659098;1.283047515;1.293440429;1.317699805;1.284818423;1.384017363;1.269754237;1.21288956;1.338223112;1.153445582;1.348622057;1.37688441;1.216996597;1.290731014;1.325047988;1.278809837;1.3562337;1.302771086;1.230224938;1.282226327;1.15512344;1.370825253;1.229335586;1.37389321;1.325035766;1.384540901;1.222933891;1.288195636;1.242179539;1.305803951;1.363059886;1.327492899;1.365703998;1.209598737;1.238079095;1.170785859;0.888085743;1.306184355;1.328904517;1.323925693;1.374687146;1.312321021;1.3445097;1.324938133;1.317538615;1.013241762;1.320753736;1.336276629;1.297597561;1.189053534;1.337055285;1.384646364;1.257886193;1.218100804;1.216499935;1.332250181;1.211818478;1.273624693;1.285341235;1.272681776;1.200655849;1.169293085;1.22966113;1.313101093;1.296176583;1.216783788;1.184834662;1.304665741;1.176836358;1.143593401;1.300133245;1.33708363;1.359757576;1.293726634;1.341142865;1.220242623;1.270431908;1.290584518;1.272160041;1.162819166;1.184286778;1.219255073;1.392340684;1.331725947;1.276768492;1.294383616;1.320513669;1.231957146;1.236364573;1.329438151;1.364335077;1.363066565;1.271241406;1.144489626;1.356229145;1.3861104;1.244668759;1.317393977;1.305694486;1.287936402;1.35821921
DVEC;1.321775291;1.287774613;1.397911221;1.310433847;1.339427583;1.293693676;1.384743489;1.295983227;1.382597105;1.320780433;1.305880386;1.261031286;0;1.341890914;1.420827755;1.398205425;1.345400968;1.3003221;1.313615852;1.307046814;1.263392131;1.339760249;1.352553681;1.356593239;1.339109747;1.410672855;1.317354463;1.304686208;1.376027015;1.291844202;1.3699527;1.402440834;1.343048508;1.377081199;1.359173959;1.379177921;1.380057297;1.350468263;1.336903219;1.360346764;1.33805485;1.38711219;1.355056345;1.371953122;1.317828894;1.368882866;1.344517124;1.365410867;1.321745699;1.362792422;1.367736812;1.393269049;1.38451123;1.352519046;1.341984526;1.302273046;1.292326889;1.363669545;1.323119962;1.381191449;1.388931719;1.366674165;1.339975465;1.38661142;1.383129551;1.269375548;1.366569268;1.39860936;1.334549796;1.330609632;1.402963349;1.42998113;1.342004023;1.320003679;1.322085479;1.374265255;1.298278692;1.337994931;1.356563246;1.366430261;1.336741326;1.308169549;1.294591566;1.336449334;1.35076509;1.337776498;1.302899599;1.360308821;1.32625772;1.305212581;1.344707581;1.389889789;1.36861071;1.344415965;1.351756762;1.317593161;1.339727987;1.360509896;1.322592964;1.30841098;1.315245192;1.307124422;1.407020822;1.38332324;1.350240548;1.347751482;1.335380053;1.30768623;1.299009963;1.375028145;1.397522331;1.397941144;1.32153672;1.297347117;1.385367543;1.378425385;1.351847324;1.35529374;1.340250626;1.353455749;1.356987153
AMEZ;1.262531124;1.248646713;1.379056048;1.242658845;1.283046242;1.241910911;1.406939461;1.295765103;1.391648413;1.317261901;1.27139944;1.239936465;1.341890914;0;1.363713797;1.347702413;1.323446042;1.30112342;1.295938532;1.214168817;1.230362544;1.326283846;1.345337558;1.3333109;1.315192573;1.38150528;1.273359303;1.272271165;1.352618373;1.251119093;1.386572409;1.38911823;1.287211972;1.351124359;1.356949676;1.33176806;1.331875898;1.343327196;1.284259107;1.311439836;1.282833219;1.375586332;1.268577641;1.383828726;1.339108887;1.406895545;1.278432759;1.346884273;1.32437269;1.354496759;1.3621446;1.333702697;1.382654152;1.286698073;1.305689257;1.278530797;1.227445682;1.346367582;1.356463343;1.349732116;1.366532101;1.328913001;1.346962824;1.374999337;1.340510101;1.228620751;1.351432131;1.341325016;1.337081353;1.272108053;1.356939672;1.385723071;1.275588794;1.278667984;1.326304925;1.325323088;1.233273579;1.334370127;1.314158851;1.329615544;1.279787855;1.244769486;1.268586399;1.328737967;1.346194556;1.245436046;1.250479865;1.35886133;1.243072246;1.204834984;1.335982172;1.345266018;1.370476583;1.331629815;1.360912553;1.270805499;1.281969052;1.325014723;1.327246547;1.255212727;1.270058183;1.262705949;1.385610965;1.375607967;1.326728542;1.292801715;1.329500412;1.333976799;1.304202932;1.363556317;1.390021457;1.399821228;1.309755725;1.228092461;1.374922334;1.346359969;1.277930281;1.354687448;1.348641117;1.309033393;1.355974102
PMSB;1.346104796;1.35307432;1.408835241;1.363433566;1.338052003;1.369756064;1.414506072;1.346456169;1.365835608;1.354427928;1.378654738;1.348458532;1.420827755;1.363713797;0;1.383934967;1.370970046;1.393548854;1.374045332;1.369104976;1.336310866;1.381196021;1.347865777;1.376515892;1.377211652;1.373566107;1.360205345;1.355126423;1.367587587;1.34891263;1.376881205;1.392193058;1.353794556;1.375772054;1.390410877;1.377453557;1.393910843;1.381474803;1.352494359;1.360648632;1.360243548;1.368794336;1.375416058;1.413306353;1.3968084;1.397169307;1.371510003;1.390760188;1.39276974;1.386671835;1.403747458;1.124732535;1.380540727;1.35237956;1.369967147;1.372507311;1.341406396;1.347607915;1.4026852;1.397919335;1.392379126;1.371571083;1.392649988;1.417688124;1.381319617;1.342639797;1.394855965;1.392105651;1.400438965;1.360351124;1.373116468;1.412536039;1.349024237;1.364432246;1.373379938;1.406106371;1.359911084;1.356615052;1.377697187;1.354099996;1.349840194;1.348781156;1.372665127;1.379710562;1.389717498;1.345036077;1.348272475;1.391476263;1.360444259;1.359081589;1.3485406;1.376798089;1.419642924;1.345811052;1.397353982;1.379401007;1.383073928;1.35603564;1.374681852;1.348116471;1.348394582;1.378059471;1.406668345;1.371976992;1.380351834;1.373688907;1.407081493;1.38290507;1.358613161;1.373475195;1.398540836;1.377396834;1.375553178;1.360559974;1.401217703;1.413967755;1.35612112;1.400981437;1.365682095;1.366529769;1.367889561
AQUA;1.339680626;1.305605215;1.396045703;1.324580356;1.337406654;1.334013425;1.38656131;1.339257738;1.399000315;1.344517233;1.320524878;1.336095358;1.398205425;1.347702413;1.383934967;0;1.367018319;1.328918928;1.348533984;1.311000869;1.293807906;1.326683997;1.356928455;1.337115276;1.380431655;1.384996324;1.339212734;1.329606063;1.36281293;1.330383297;1.359903848;1.404239631;1.333650251;1.390850959;1.377795986;1.350662461;1.396511478;1.350528399;1.349803;1.380502714;1.325346895;1.373677746;1.318023288;1.409561528;1.365379673;1.38121239;1.328928203;1.357102363;1.366826081;1.361707876;1.393135827;1.36872885;1.406593604;1.331979408;1.339033638;1.36657607;1.306338888;1.364255047;1.371818821;1.394506829;1.384899796;1.347287308;1.369959631;1.361320264;1.369557658;1.317794472;1.392140889;1.368993894;1.357952998;1.301168524;1.375209802;1.363828315;1.341925052;1.329721765;1.32344298;1.410004968;1.358704179;1.355681908;1.340675062;1.362147861;1.350797881;1.289479964;1.3358008;1.347915828;1.351566529;1.332016352;1.292893646;1.377519619;1.312102327;1.319491938;1.354087978;1.373516064;1.394512996;1.360566636;1.404359281;1.334578902;1.370718634;1.35035923;1.346403241;1.324199682;1.337041626;1.321613465;1.399006362;1.372696887;1.339266325;1.383486365;1.358324794;1.367381393;1.384119289;1.416426601;1.380408559;1.392698393;1.372836884;1.31456102;1.394848425;1.371227761;1.30579135;1.374364193;1.392637113;1.343476229;1.375341377
NKNC;1.29220779;1.269221601;1.406309074;1.28178917;1.317553886;1.284401743;1.380848914;1.320989838;1.381041772;1.29330044;1.287508508;1.299276153;1.345400968;1.323446042;1.370970046;1.367018319;0;1.294086884;1.318803569;1.284087135;1.262906378;1.342777611;1.336744124;1.350246843;1.329079419;1.414579819;1.313384088;1.290813576;1.374240481;1.292191765;1.359537498;1.422950291;1.301533628;1.336429953;1.338934113;1.372488584;1.347817611;1.364845851;1.308928256;1.326152946;1.301807095;1.382289833;1.302249787;1.406414562;1.328634663;1.382016945;1.305108282;1.362962666;1.331433599;1.356901233;1.382611893;1.364531319;1.385864015;1.318005535;1.309881364;1.297775383;1.295107142;1.359118914;1.358560958;1.367896974;1.377906698;1.351287142;1.365372414;1.340476219;1.364865365;1.292085106;1.365832996;1.351390665;1.366204065;1.286664349;1.365344463;1.387821693;1.271945099;1.315370992;1.330987316;1.346864122;1.291974937;1.112978467;1.352259097;1.328244004;1.295401134;1.291046865;1.298417498;1.330086002;1.33421824;1.324406049;1.290054907;1.362374308;1.26387793;1.277340941;1.402112339;1.384237821;1.373325512;1.340734151;1.366121572;1.307003877;1.329040587;1.32117287;1.32848889;1.293799241;1.267565262;1.310835411;1.391167651;1.341166732;1.303359186;1.314979996;1.365417514;1.346239443;1.33816031;1.35571713;1.386846811;1.360830696;1.342619707;1.290306448;1.386136366;1.402259426;1.321404646;1.374172985;1.341722358;1.328864261;1.389628382
LSNG;1.268845747;1.210975715;1.389091407;1.171771264;1.268689762;1.250363668;1.408410871;1.266598277;1.369560541;1.272949552;1.192771245;1.181988684;1.3003221;1.30112342;1.393548854;1.328918928;1.294086884;0;1.25031012;1.225512823;1.176265458;1.293475149;1.351892591;1.335158577;1.283621068;1.385099894;1.271721146;1.270183306;1.332833019;1.195571142;1.341560784;1.394958923;1.252223424;1.346574282;1.377822952;1.360679682;1.371363321;1.313208883;1.248566752;1.301105383;1.251031655;1.398354837;1.257394027;1.36060363;1.336170491;1.372472398;1.25555269;1.345832611;1.293096923;1.331093965;1.355284663;1.393579346;1.374533788;1.254763518;1.269733569;1.1901448;1.139113955;1.350215411;1.337664373;1.352265884;1.344112345;1.328726702;1.345233398;1.33288275;1.31689173;1.161239206;1.3301151;1.349545194;1.340281045;1.262649615;1.321963951;1.379926158;1.284423847;1.270477611;1.236458118;1.330212232;1.275329794;1.300642705;1.329274121;1.293941333;1.262863597;1.199488076;1.26291831;1.320394729;1.299884967;1.269175173;1.242583148;1.337457774;1.232741528;1.199380079;1.363684707;1.344413593;1.362934371;1.335641843;1.332058041;1.276615958;1.324325584;1.307535897;1.195321357;1.23979755;1.234036364;1.241186591;1.392878531;1.333909773;1.298971631;1.319941697;1.329421755;1.284880612;1.263280158;1.364502924;1.392408409;1.371470963;1.323486527;1.206746737;1.38693542;1.373304263;1.289530443;1.337983336;1.312176934;1.320968059;1.343763629
TGKB;1.263171582;1.273273478;1.400534469;1.193045766;1.298130469;1.298155263;1.396642112;1.274036335;1.351192438;1.288383269;1.248095115;1.226128851;1.313615852;1.295938532;1.374045332;1.348533984;1.318803569;1.25031012;0;1.245417792;1.187849945;1.306485018;1.325182524;1.336350028;1.296427546;1.396639272;1.284960673;1.299482487;1.336373592;1.229685895;1.339583067;1.385358337;1.283528827;1.353571904;1.373303578;1.340667698;1.381344441;1.312076229;1.311464326;1.318228333;1.270076384;1.367088815;1.314758027;1.419861052;1.354072665;1.385091817;1.315079568;1.329287852;1.261604449;1.319313962;1.363747723;1.356145515;1.402780439;1.318895813;1.278765492;1.287671215;1.220373232;1.337716697;1.364365938;1.367352619;1.366883368;1.330775045;1.34157772;1.325207638;1.324031542;1.2340344;1.350588531;1.345407469;1.346809918;1.258335808;1.356345921;1.390138387;1.298498415;1.27980384;1.273442345;1.346144568;1.262428852;1.312730174;1.319037965;1.285821338;1.278623237;1.254315364;1.287981963;1.311614814;1.331027392;1.296122475;1.282749883;1.33645276;1.276674752;1.257636397;1.370778633;1.360303287;1.371756488;1.335188618;1.351831311;1.305245077;1.326914536;1.280573567;1.327212958;1.241063656;1.272829073;1.291093952;1.412380901;1.346653332;1.345138663;1.348622654;1.107364909;1.321082652;1.30538598;1.371475936;1.391419054;1.362978378;1.271741561;1.272823037;1.360907863;1.38603993;1.295380614;1.332320555;1.361190755;1.331847043;1.370182223
MTLR;1.213131634;1.043662467;1.385173491;1.168614963;1.284203596;1.120655403;1.391068904;1.248171001;1.379083637;1.264728455;1.208967418;1.1603455;1.307046814;1.214168817;1.369104976;1.311000869;1.284087135;1.225512823;1.245417792;0;1.163718009;1.297784719;1.2916262;1.313660169;1.243627457;1.385930249;1.248470688;1.168453916;1.315666502;1.210177428;1.34274175;1.386077721;1.236998261;1.293068059;1.334340843;1.33235702;1.293770371;1.297818468;1.261557424;1.297366733;1.238286044;1.339214267;1.15910369;1.379153495;1.312679914;1.366825309;1.244682519;1.300079283;1.287051269;1.326936564;1.354584535;1.347720388;1.367579185;1.257589885;1.253137175;1.208713038;1.116639761;1.338190776;1.337081267;1.339777703;1.349278084;1.25968721;1.311692296;1.345248017;1.318368942;1.155329258;1.309826507;1.311515306;1.305240979;1.133277317;1.330951241;1.351794158;1.201246786;1.218233639;1.255701001;1.335592073;1.179509557;1.276048477;1.296572337;1.311626869;1.198636421;1.197106366;1.226558055;1.288125055;1.289749038;1.213275457;1.123721164;1.316434956;1.077253479;1.053387716;1.343610024;1.359292025;1.383858465;1.32623555;1.349740382;1.193151035;1.274621883;1.313833778;1.301036615;1.126444126;1.189441593;1.155882065;1.394872183;1.286086859;1.291714993;1.250174543;1.306089815;1.298390851;1.301729987;1.352815487;1.372505844;1.351469213;1.314458236;1.190600016;1.342229723;1.346135198;1.110334678;1.313213359;1.32024639;1.27436115;1.315003538
MSNG;1.192292348;1.131056709;1.390639004;1.064080158;1.236919306;1.192262664;1.393039384;1.178180515;1.39204883;1.217930657;1.170840892;1.11659098;1.263392131;1.230362544;1.336310866;1.293807906;1.262906378;1.176265458;1.187849945;1.163718009;0;1.268690587;1.266908076;1.297380326;1.294113727;1.38388455;1.24419991;1.174609337;1.300378074;1.166172257;1.318087925;1.408278132;1.199659792;1.299892516;1.338121961;1.264497994;1.370856052;1.272457151;1.192272921;1.289469361;1.186932042;1.364880306;1.222336417;1.402198671;1.308891836;1.34789881;1.203677527;1.280863828;1.263171048;1.299035586;1.354136935;1.314592524;1.370502271;1.198918551;1.207577271;1.188585585;1.047826081;1.319946934;1.321544115;1.337375729;1.367546422;1.260323367;1.300415185;1.307038504;1.305528986;1.053208431;1.343596488;1.328291513;1.318494892;1.143500162;1.349448007;1.373891402;1.206499014;1.194699073;1.212866223;1.328529058;1.179396632;1.259728968;1.293110341;1.261906553;1.175706308;1.164686725;1.192863852;1.291411962;1.27458372;1.218577935;1.140371624;1.32182749;1.167209515;1.118318834;1.324490907;1.329284613;1.352365299;1.284114599;1.366870071;1.210006889;1.241728184;1.260947858;1.262454515;1.128969219;1.173853169;1.169326394;1.365334294;1.331440567;1.275376436;1.267531004;1.276346618;1.26046433;1.249930814;1.336928067;1.380584563;1.35075238;1.295247646;1.077966335;1.349588662;1.373018168;1.228025169;1.280014672;1.311924265;1.248529962;1.319557604
HALS;1.304462629;1.312307754;1.387553695;1.311782347;1.311384475;1.308114584;1.377656019;1.301684887;1.389387068;1.327393016;1.324389773;1.283047515;1.339760249;1.326283846;1.381196021;1.326683997;1.342777611;1.293475149;1.306485018;1.297784719;1.268690587;0;1.352918018;1.351246789;1.349873814;1.38288261;1.314742588;1.337324564;1.348044891;1.292437402;1.345905397;1.409622059;1.314013534;1.364898891;1.375856621;1.320988507;1.368636932;1.336500114;1.323350149;1.351197709;1.341246639;1.419172775;1.318782272;1.405302849;1.323911081;1.388221801;1.334593773;1.340172769;1.332228664;1.353754681;1.346782624;1.389368722;1.393729176;1.337605166;1.336910651;1.328387579;1.290185516;1.362867712;1.338120397;1.381573946;1.392862578;1.363203829;1.377002994;1.385504318;1.364867755;1.30135868;1.37895049;1.381612453;1.326605944;1.300394167;1.382363877;1.370550825;1.314238453;1.329998659;1.340960904;1.353224477;1.331409888;1.356009291;1.316220436;1.349351538;1.250666075;1.307328096;1.298106216;1.360540062;1.363993193;1.323140784;1.318954145;1.360767591;1.294942041;1.296036438;1.355660652;1.374088575;1.391546788;1.353262442;1.399250799;1.32521664;1.358277411;1.339480228;1.370665362;1.316237006;1.288487842;1.326867117;1.380975304;1.377235453;1.338623546;1.318681658;1.347333992;1.361505779;1.333779569;1.401164805;1.371708069;1.418139604;1.338706089;1.289050898;1.367011067;1.411429855;1.316765757;1.329870572;1.376925191;1.333006042;1.402180601
FESH;1.292004958;1.286395565;1.380369083;1.284897283;1.313988178;1.332073491;1.391926653;1.306952243;1.374620318;1.300634562;1.294617748;1.293440429;1.352553681;1.345337558;1.347865777;1.356928455;1.336744124;1.351892591;1.325182524;1.2916262;1.266908076;1.352918018;0;1.38575079;1.348108291;1.412593731;1.297753235;1.296270073;1.365331317;1.300504582;1.348356481;1.404915185;1.298376903;1.348551113;1.373933991;1.367697978;1.393675929;1.330783824;1.311660824;1.344485038;1.288269447;1.371167002;1.319371889;1.373500306;1.330266682;1.382666519;1.305277828;1.331709155;1.367721489;1.355907259;1.386679589;1.34940009;1.391332375;1.318194664;1.315736695;1.318328267;1.266312917;1.325318309;1.379093079;1.393791115;1.395514651;1.334010578;1.363655579;1.377340327;1.364728817;1.296094486;1.387413251;1.38505981;1.354299558;1.313056397;1.393456763;1.384788511;1.323156009;1.306021756;1.320992796;1.372358093;1.3072253;1.312919249;1.332546841;1.317052727;1.29364951;1.314427463;1.301952341;1.353411474;1.327231644;1.269386146;1.269428877;1.366393326;1.30767705;1.307943466;1.36743818;1.331626801;1.386172867;1.336091806;1.363442264;1.310576701;1.341357142;1.344598327;1.351757709;1.296578985;1.306313001;1.289023144;1.394066354;1.353199816;1.349911829;1.344920423;1.335326391;1.346129709;1.321035659;1.375402566;1.426641648;1.347931077;1.358093193;1.267491407;1.38027522;1.38820734;1.327497299;1.356865015;1.366827155;1.384361821;1.396192646
VLHZ;1.320131434;1.307813851;1.396263606;1.319302328;1.344314624;1.348863174;1.398176209;1.351690736;1.378197038;1.354409414;1.300944674;1.317699805;1.356593239;1.3333109;1.376515892;1.337115276;1.350246843;1.335158577;1.336350028;1.313660169;1.297380326;1.351246789;1.38575079;0;1.339598122;1.389101867;1.349185196;1.334457856;1.381254296;1.332343841;1.400476595;1.398372531;1.344711173;1.361129502;1.364480824;1.376624018;1.379217144;1.3520937;1.301725289;1.35084718;1.35267916;1.370422754;1.326699901;1.413168257;1.362373257;1.38286431;1.342377694;1.381130744;1.373451098;1.366474683;1.376535632;1.329505354;1.370547016;1.337354276;1.33371313;1.31839201;1.306576437;1.37216646;1.359201056;1.359088522;1.390663856;1.362829894;1.374628844;1.377860715;1.354964306;1.314469492;1.354139605;1.389620049;1.346365081;1.326217136;1.367990912;1.358969197;1.340558009;1.341043122;1.328774759;1.359445164;1.314117195;1.349185248;1.341465175;1.352788671;1.347844382;1.295930987;1.357389006;1.360143794;1.378847007;1.332634348;1.322181991;1.351143888;1.333725502;1.321818468;1.341383407;1.391490082;1.370718577;1.350575256;1.378423129;1.324134841;1.349443132;1.378269061;1.365208711;1.320220169;1.306382744;1.325922182;1.398854823;1.37383522;1.346067286;1.341712614;1.35941499;1.349060741;1.383170594;1.396094362;1.395009359;1.392631575;1.36432093;1.322982341;1.389121286;1.395754913;1.322315261;1.383230597;1.361688325;1.357756773;1.387666732
UKUZ;1.300630511;1.2961373;1.38506351;1.287199867;1.374119716;1.288181815;1.388921652;1.325332603;1.381087051;1.333947813;1.320904618;1.284818423;1.339109747;1.315192573;1.377211652;1.380431655;1.329079419;1.283621068;1.296427546;1.243627457;1.294113727;1.349873814;1.348108291;1.339598122;0;1.402312057;1.352129649;1.304832023;1.363124008;1.284288196;1.33810051;1.395271375;1.318312524;1.358308716;1.34557372;1.370246791;1.322393799;1.358594843;1.323011679;1.337740671;1.318334342;1.389022985;1.310955135;1.42066032;1.357696374;1.37933427;1.310569498;1.365788666;1.35257211;1.359022462;1.384880993;1.382162946;1.369019978;1.306530496;1.305443087;1.311243372;1.282770262;1.370287331;1.352843156;1.381524469;1.364426349;1.355837577;1.389046928;1.405126565;1.371732668;1.279452541;1.371001537;1.377258277;1.341614536;1.303388914;1.349229451;1.366342751;1.305250371;1.332263597;1.339020909;1.351889594;1.29056886;1.338205988;1.360631438;1.349612156;1.305380913;1.305460918;1.318029202;1.349774641;1.334705839;1.289728088;1.302973004;1.395618865;1.291346666;1.293353532;1.379936942;1.398123927;1.383850808;1.339067486;1.382108454;1.296727671;1.3700625;1.361935352;1.361746532;1.295958263;1.292980575;1.309058343;1.391870501;1.363586109;1.344459971;1.324984631;1.356051282;1.341765283;1.337322949;1.383996464;1.383999433;1.365635262;1.336661611;1.29210109;1.354133312;1.387645118;1.294913652;1.366450422;1.365593633;1.326616194;1.367351495
VGSB;1.391133343;1.368026014;1.403322451;1.388717295;1.370977719;1.386281126;1.376606242;1.380227535;1.355201454;1.396135752;1.412083046;1.384017363;1.410672855;1.38150528;1.373566107;1.384996324;1.414579819;1.385099894;1.396639272;1.385930249;1.38388455;1.38288261;1.412593731;1.389101867;1.402312057;0;1.394915759;1.396236017;1.369918216;1.384115644;1.434328467;1.396814732;1.370450119;1.38390183;1.356028171;1.397609754;1.429063721;1.397680921;1.413555456;1.401968778;1.393577708;1.408595154;1.408416848;1.382165098;1.386755901;1.390598213;1.40017203;1.420541345;1.399027251;1.387407682;1.370796569;1.379462368;1.39333739;1.391004149;1.412981591;1.392603466;1.391625607;1.393137584;1.392968116;1.365716825;1.371038089;1.409859578;1.413274805;1.384094874;1.39422482;1.393484266;1.389077164;1.409559188;1.404021812;1.391706584;1.373898803;1.381323789;1.394481229;1.407251102;1.402703814;1.441175854;1.372476131;1.407317801;1.391975724;1.411659975;1.386303626;1.390935893;1.380653675;1.387125205;1.395796691;1.386695987;1.393298041;1.382998363;1.383006589;1.39163217;1.390638943;1.406638557;1.400329066;1.403115523;1.396253214;1.392980792;1.403778448;1.391566368;1.40638851;1.396317214;1.435098851;1.375121753;1.413148902;1.40803089;1.397822433;1.418996103;1.387647492;1.404162791;1.404328278;1.357250579;1.367790047;1.32501491;1.410497495;1.372994455;1.402890962;1.400307815;1.405090896;1.40491876;1.330530235;1.410378637;1.399575785
IRKT;1.250949143;1.261628971;1.384744982;1.260675809;1.121467401;1.271158882;1.399925011;1.276134573;1.385429315;1.272776052;1.24981882;1.269754237;1.317354463;1.273359303;1.360205345;1.339212734;1.313384088;1.271721146;1.284960673;1.248470688;1.24419991;1.314742588;1.297753235;1.349185196;1.352129649;1.394915759;0;1.273174956;1.324367102;1.250854952;1.331568224;1.41110646;1.264320996;1.364882918;1.368024067;1.343833093;1.381372201;1.300851888;1.292258815;1.29209319;1.286608378;1.353191202;1.280530143;1.377897388;1.318100912;1.362656949;1.279493623;1.331411022;1.302522089;1.30768773;1.369417499;1.360893203;1.392828786;1.257883295;1.300074932;1.29434255;1.232353986;1.351621868;1.347177882;1.356252064;1.362456586;1.290093185;1.358679019;1.326372695;1.353615488;1.236779729;1.332615617;1.38086305;1.362548544;1.247166599;1.384385762;1.361535496;1.260352113;1.284194239;1.310052047;1.320093884;1.255406562;1.304378048;1.329740699;1.335450656;1.256418781;1.234669903;1.247357862;1.327051453;1.343572592;1.284101397;1.232818343;1.364943794;1.254113541;1.231331331;1.348062551;1.34538467;1.358511775;1.319497351;1.371565661;1.27095199;1.29422871;1.303335731;1.290756584;1.227511941;1.286974806;1.242961147;1.38297853;1.366890823;1.269839561;1.309608772;1.342168512;1.3226573;1.292796994;1.369588177;1.360208947;1.354598883;1.329233599;1.238658209;1.372129358;1.368187089;1.296994242;1.356351135;1.35415835;1.289380461;1.366050898
